{
 "cells": [
  {
   "cell_type": "code",
   "execution_count": 8,
   "id": "f8ab1bdf",
   "metadata": {},
   "outputs": [],
   "source": [
    "import numpy as np\n",
    "from scipy.stats import ortho_group\n",
    "from procrustes import orthogonal\n",
    "\n",
    "# random input 10x7 matrix A\n",
    "a = np.random.rand(10, 7)\n",
    "\n",
    "# random orthogonal 7x7 matrix T (acting as Q)\n",
    "t = ortho_group.rvs(7)\n",
    "\n",
    "# target matrix B (which is a shifted AT)\n",
    "b = np.dot(a, t) + np.random.rand(1, 7)\n",
    "\n",
    "# orthogonal Procrustes analysis with translation\n",
    "result = orthogonal(a, b, scale=True, translate=True)\n",
    "\n",
    "# compute transformed matrix A (i.e., A x Q)\n",
    "aq = np.dot(result.new_a, result.t)"
   ]
  },
  {
   "cell_type": "code",
   "execution_count": 2,
   "id": "fd5b437d",
   "metadata": {},
   "outputs": [
    {
     "name": "stdout",
     "output_type": "stream",
     "text": [
      "Procrustes Error =  1.110886684110283e-30\n",
      "\n",
      "Does the obtained transformation match variable t?  True\n",
      "Does AQ and B matrices match? True\n",
      "Transformation Matrix T = \n",
      "[[-0.34082452  0.10613145 -0.06911439 -0.10241334 -0.08926289 -0.22095895\n",
      "   0.89471713]\n",
      " [ 0.35441799  0.4717705   0.03190649  0.34795486 -0.05046372 -0.72339243\n",
      "  -0.06234316]\n",
      " [ 0.51632245  0.52582198  0.14589998 -0.55036204  0.05318027  0.31951267\n",
      "   0.16679538]\n",
      " [-0.00679609 -0.19936181  0.38891947 -0.13635214  0.85211692 -0.24636388\n",
      "   0.05966585]\n",
      " [ 0.13660165 -0.34446027 -0.44639127 -0.64351768 -0.10402583 -0.46752599\n",
      "  -0.14108514]\n",
      " [ 0.52949311 -0.55846207  0.44941221  0.11567673 -0.34072886 -0.02923054\n",
      "   0.27468919]\n",
      " [-0.43882629  0.13929127  0.64840074 -0.34561905 -0.36556344 -0.21368679\n",
      "  -0.2624018 ]]\n",
      "\n",
      "Matrix A (after translation and scaling) = \n",
      "[[-0.06262466 -0.03587168  0.14853946 -0.14215547  0.21678767  0.0451719\n",
      "   0.12246608]\n",
      " [ 0.24272568 -0.09183421 -0.14939378 -0.06766212 -0.18046362 -0.08679981\n",
      "   0.14457713]\n",
      " [-0.07270308  0.16520424 -0.02646883  0.11859403 -0.17782893 -0.22488713\n",
      "  -0.00842862]\n",
      " [-0.1249433  -0.13872735 -0.02189124 -0.10075828 -0.09261529  0.10338241\n",
      "  -0.20928088]\n",
      " [-0.09732578  0.10153397  0.00102611  0.00082346  0.12130154 -0.01028639\n",
      "  -0.06603194]\n",
      " [ 0.17552708 -0.10746601  0.16403977  0.17627981  0.19082271 -0.09402489\n",
      "  -0.06352049]\n",
      " [-0.05052313 -0.04689819  0.09747139 -0.20600984  0.10442978  0.05913516\n",
      "  -0.14736468]\n",
      " [ 0.03333861  0.0422855  -0.11147888  0.10306679  0.02260739  0.10199603\n",
      "   0.13155227]\n",
      " [-0.05116534 -0.03669758 -0.21957952  0.14031072 -0.11939817 -0.04105835\n",
      "   0.02016125]\n",
      " [ 0.00769394  0.14847131  0.11773554 -0.02248909 -0.08564308  0.14737107\n",
      "   0.07586987]]\n",
      "\n",
      "Matrix AQ = \n",
      "[[ 8.60812359e-02  3.29667150e-05 -2.74956231e-02 -2.45043372e-01\n",
      "  -1.88545446e-01 -6.57466342e-03 -8.78137424e-02]\n",
      " [-3.26005861e-01  4.81461498e-02  6.74748006e-02  9.07562306e-02\n",
      "  -8.71369712e-02  3.77504701e-02  1.57621213e-01]\n",
      " [-7.08112927e-02  2.18333288e-01  2.54067769e-02  1.54661224e-01\n",
      "   1.96006763e-01 -4.96032079e-02 -1.07160271e-01]\n",
      " [ 1.16724921e-01 -1.25115300e-01 -8.60656126e-02  1.34201699e-01\n",
      "  -1.79540675e-02  2.30789018e-01 -1.64230465e-02]\n",
      " [ 1.09780656e-01 -7.28988454e-03 -9.11497609e-02 -1.18080039e-02\n",
      "   1.93452884e-02 -9.41197163e-02 -9.58012192e-02]\n",
      " [-1.02567899e-02 -3.02744924e-03 -9.16925175e-02 -2.81407413e-01\n",
      "   1.84097034e-01 -2.49530625e-02  1.65543839e-01]\n",
      " [ 1.62569119e-01 -2.46874476e-02 -1.79496493e-01 -4.61286870e-02\n",
      "  -1.40625732e-01  1.07923759e-01  1.86494587e-03]\n",
      " [-5.52695687e-02 -1.02102484e-01  1.43910028e-01  1.03828378e-02\n",
      "  -8.40875404e-03 -1.40628243e-01  5.05590733e-03]\n",
      " [-1.56792667e-01 -9.93096859e-02  7.28170391e-02  1.59304703e-01\n",
      "   1.33342949e-01 -1.41600266e-02 -7.14670813e-02]\n",
      " [ 1.43980247e-01  9.50198465e-02  1.66291363e-01  3.50807810e-02\n",
      "  -9.01210638e-02 -4.64243281e-02  4.85794546e-02]]\n",
      "\n",
      "Matrix B (after translation and scaling) = \n",
      "[[ 8.60812359e-02  3.29667150e-05 -2.74956231e-02 -2.45043372e-01\n",
      "  -1.88545446e-01 -6.57466342e-03 -8.78137424e-02]\n",
      " [-3.26005861e-01  4.81461498e-02  6.74748006e-02  9.07562306e-02\n",
      "  -8.71369712e-02  3.77504701e-02  1.57621213e-01]\n",
      " [-7.08112927e-02  2.18333288e-01  2.54067769e-02  1.54661224e-01\n",
      "   1.96006763e-01 -4.96032079e-02 -1.07160271e-01]\n",
      " [ 1.16724921e-01 -1.25115300e-01 -8.60656126e-02  1.34201699e-01\n",
      "  -1.79540675e-02  2.30789018e-01 -1.64230465e-02]\n",
      " [ 1.09780656e-01 -7.28988454e-03 -9.11497609e-02 -1.18080039e-02\n",
      "   1.93452884e-02 -9.41197163e-02 -9.58012192e-02]\n",
      " [-1.02567899e-02 -3.02744924e-03 -9.16925175e-02 -2.81407413e-01\n",
      "   1.84097034e-01 -2.49530625e-02  1.65543839e-01]\n",
      " [ 1.62569119e-01 -2.46874476e-02 -1.79496493e-01 -4.61286870e-02\n",
      "  -1.40625732e-01  1.07923759e-01  1.86494587e-03]\n",
      " [-5.52695687e-02 -1.02102484e-01  1.43910028e-01  1.03828378e-02\n",
      "  -8.40875404e-03 -1.40628243e-01  5.05590733e-03]\n",
      " [-1.56792667e-01 -9.93096859e-02  7.28170391e-02  1.59304703e-01\n",
      "   1.33342949e-01 -1.41600266e-02 -7.14670813e-02]\n",
      " [ 1.43980247e-01  9.50198465e-02  1.66291363e-01  3.50807810e-02\n",
      "  -9.01210638e-02 -4.64243281e-02  4.85794546e-02]]\n"
     ]
    }
   ],
   "source": [
    "# display Procrustes results\n",
    "print(\"Procrustes Error = \", result.error)\n",
    "print(\"\\nDoes the obtained transformation match variable t? \", np.allclose(t, result.t))\n",
    "print(\"Does AQ and B matrices match?\", np.allclose(aq, result.new_b))\n",
    "\n",
    "print(\"Transformation Matrix T = \")\n",
    "print(result.t)\n",
    "print(\"\")\n",
    "print(\"Matrix A (after translation and scaling) = \")\n",
    "print(result.new_a)\n",
    "print(\"\")\n",
    "print(\"Matrix AQ = \")\n",
    "print(aq)\n",
    "print(\"\")\n",
    "print(\"Matrix B (after translation and scaling) = \")\n",
    "print(result.new_b)"
   ]
  },
  {
   "cell_type": "code",
   "execution_count": null,
   "id": "6fc6a663",
   "metadata": {},
   "outputs": [],
   "source": []
  }
 ],
 "metadata": {
  "kernelspec": {
   "display_name": "Python 3",
   "language": "python",
   "name": "python3"
  },
  "language_info": {
   "codemirror_mode": {
    "name": "ipython",
    "version": 3
   },
   "file_extension": ".py",
   "mimetype": "text/x-python",
   "name": "python",
   "nbconvert_exporter": "python",
   "pygments_lexer": "ipython3",
   "version": "3.6.13"
  }
 },
 "nbformat": 4,
 "nbformat_minor": 5
}
